308, 279, 270, 286, 288, 287, 279, 275, 281, 271, 274, 271, 282, 291, 265, 287, 292, 291, 281, 277, 301, 282, 272, 300, 288, 305, 273, 293, 288, 279, 296, 269, 281, 272, 287, 278, 273, 305, 270, 271, 290, 282, 301, 288, 271, 281, 268, 274, 315, 273, 303, 284, 297, 285, 284, 283, 279, 284, 286, 284, 290, 276, 278, 280, 275, 271, 286, 293, 285, 277, 276, 272, 288, 269, 291, 303, 278, 278, 290, 273, 276, 284, 269, 288, 272, 283, 269, 283, 272, 285, 296, 280, 287, 281, 273, 284, 282, 302, 273, 291, 274, 287, 278, 312, 277, 288, 279, 296, 272, 273, 295, 284, 294, 283, 269, 282, 285, 295, 297, 309, 279, 272, 304, 277, 273, 286, 284, 282, 297, 290, 300, 299, 280, 273, 317, 288, 301, 280, 298, 295, 269, 281, 276, 274, 277, 283, 285, 294, 275, 278, 274, 287, 279, 276, 287, 294, 297, 298, 270, 270, 280, 272, 284, 291, 273, 294, 283, 280, 283, 273, 277, 294, 282, 272, 284, 288, 318, 278, 287, 274, 301, 288, 291, 290, 286, 273, 274, 278, 281, 276, 281, 271, 283, 278, 296, 305, 283, 300, 310, 278, 282, 285, 293, 291, 277, 267, 279, 279, 284, 267, 277, 288, 285, 291, 266, 289, 273, 278, 280, 280, 291, 278, 275, 288, 305, 287, 280, 284, 279, 274, 282, 274, 277, 278, 277, 286, 287, 278, 290, 282, 294, 273, 278, 271, 268, 292, 294, 282, 272, 279, 280, 275, 265, 278, 285, 301, 280, 268, 269, 300, 268, 287, 272, 313, 267, 278, 272, 276, 268, 287, 307, 278, 311, 302, 282, 278, 289, 276, 276, 281, 294, 294, 282, 274, 285, 280, 287, 273, 284, 278, 294, 288, 280, 291, 271, 294, 278, 285, 292, 295, 285, 273, 275, 279, 283, 293, 291, 278, 282, 275, 273, 276, 290, 280, 284, 275, 291, 277, 277, 271, 283, 269, 299, 281, 298, 277, 311, 284, 273, 278, 272, 310, 291, 280, 284, 289, 277, 295, 296, 299, 274, 296, 291, 282, 270, 271, 276, 267, 286, 294, 277, 273, 271, 266, 280, 293, 266, 293, 287, 285, 308, 297, 269, 299, 271, 292, 292, 280, 292, 308, 274, 293, 274, 305, 281, 282, 290, 285, 283, 277, 271, 283, 274, 280, 287, 285, 278, 266, 282, 292, 273, 285, 276, 308, 295, 268, 278, 272, 300, 282
311, 272, 285, 298, 299, 277, 287, 279, 296, 296, 279, 283, 292, 282, 287, 281, 274, 294, 301, 276, 290, 282, 288, 276, 276, 312, 285, 269, 261, 271, 276, 294, 307, 289, 301, 288, 280, 302, 300, 281, 279, 282, 288, 272, 296, 286, 298, 273, 273, 291, 280, 296, 270, 283, 304, 300, 301, 268, 271, 274, 284, 299, 285, 290, 282, 285, 294, 289, 277, 287, 292, 269, 285, 306, 285, 300, 283, 297, 286, 300, 299, 295, 297, 287, 281, 296, 284, 278, 301, 282, 279, 281, 285, 270, 287, 283, 288, 280, 268, 267, 288, 296, 276, 295, 278, 285, 306, 286, 324, 280, 266, 284, 275, 278, 297, 306, 294, 281, 275, 290, 293, 276, 287, 301, 286, 298, 271, 282, 294, 286, 278, 294, 267, 277, 297, 281, 291, 302, 283, 295, 294, 285, 298, 281, 288, 285, 289, 303, 284, 276, 277, 310, 278, 282, 276, 286, 282, 290, 285, 280, 281, 302, 287, 286, 279, 289, 304, 306, 299, 272, 303, 287, 280, 275, 285, 316, 287, 278, 281, 298, 285, 279, 290, 295, 268, 282, 280, 282, 296, 281, 280, 268, 282, 302, 292, 279, 293, 304, 295, 284, 298, 279, 295, 298, 284, 276, 278, 282, 296, 285, 287, 285, 278, 283, 297, 282, 282, 286, 283, 277, 280, 283, 274, 295, 316, 294, 280, 285, 271, 269, 283, 287, 285, 278, 280, 299, 310, 289, 278, 288, 281, 294, 294, 296, 299, 294, 292, 312, 282, 278, 284, 273, 286, 290, 269, 275, 284, 292, 282, 292, 275, 276, 273, 283, 293, 270, 277, 293, 311, 274, 277, 278, 290, 294, 283, 274, 279, 297, 284, 308, 278, 285, 280, 303, 289, 288, 282, 319, 283, 286, 297, 298, 282, 268, 279, 280, 280, 266, 322, 277, 286, 287, 281, 271, 287, 288, 322, 281, 306, 291, 273, 282, 287, 287, 303, 291, 279, 297, 275, 273, 271, 297, 293, 295, 295, 306, 283, 286, 292, 281, 277, 284, 302, 281, 296, 290, 286, 277, 283, 277, 281, 291, 275, 282, 279, 304, 289, 288, 289, 291, 278, 293, 270, 277, 288, 293, 285, 277, 271, 287, 280, 294, 288, 287, 286, 286, 268, 309, 283, 264, 286, 275, 282, 283, 281, 281, 310, 270, 279, 276, 290, 289, 281, 279, 290, 275, 281, 293, 293, 307, 287, 290, 300, 277, 284, 289, 287, 282, 273, 305
294, 280, 288, 292, 290, 288, 298, 289, 284, 285, 296, 277, 295, 286, 288, 300, 295, 303, 288, 294, 280, 284, 276, 295, 312, 287, 281, 316, 292, 297, 286, 302, 301, 303, 292, 287, 315, 300, 288, 303, 292, 300, 298, 293, 282, 290, 305, 300, 282, 287, 294, 300, 278, 323, 306, 287, 305, 273, 286, 294, 288, 292, 286, 275, 290, 310, 292, 310, 289, 295, 277, 275, 277, 332, 293, 298, 306, 304, 332, 294, 288, 310, 311, 290, 286, 296, 312, 308, 300, 280, 298, 286, 314, 274, 298, 289, 282, 299, 292, 283, 303, 314, 280, 308, 298, 277, 283, 282, 293, 303, 284, 301, 297, 292, 300, 289, 293, 278, 282, 310, 294, 293, 292, 298, 303, 284, 299, 288, 293, 324, 290, 306, 279, 280, 278, 276, 289, 284, 290, 294, 291, 299, 281, 279, 305, 285, 322, 293, 282, 275, 294, 298, 291, 287, 293, 300, 309, 318, 294, 295, 290, 287, 298, 268, 274, 289, 290, 299, 299, 309, 298, 281, 287, 287, 293, 281, 290, 296, 297, 296, 316, 284, 285, 290, 288, 306, 291, 281, 286, 291, 296, 316, 288, 283, 299, 298, 291, 275, 300, 312, 287, 296, 301, 273, 320, 273, 313, 289, 294, 294, 304, 315, 293, 271, 278, 285, 285, 288, 300, 298, 308, 283, 295, 292, 285, 280, 291, 312, 283, 295, 280, 284, 284, 288, 275, 289, 287, 299, 312, 287, 309, 318, 284, 281, 306, 284, 296, 286, 299, 272, 316, 294, 300, 299, 298, 294, 282, 268, 301, 286, 298, 289, 304, 299, 304, 307, 293, 306, 281, 317, 292, 284, 290, 304, 280, 302, 286, 273, 292, 286, 282, 284, 294, 298, 292, 307, 294, 292, 280, 288, 281, 285, 291, 302, 277, 278, 298, 281, 304, 302, 277, 282, 305, 299, 317, 283, 275, 299, 297, 284, 289, 277, 295, 288, 315, 280, 299, 302, 286, 292, 281, 282, 298, 308, 292, 289, 299, 299, 276, 308, 294, 306, 295, 309, 285, 289, 319, 299, 293, 269, 305, 282, 313, 287, 309, 354, 289, 275, 304, 275, 283, 282, 288, 300, 287, 287, 284, 292, 314, 313, 288, 286, 308, 285, 264, 289, 293, 295, 306, 297, 302, 292, 293, 293, 282, 271, 281, 292, 306, 287, 293, 279, 303, 278, 295, 276, 291, 287, 294, 290, 294, 294, 303, 324, 288, 308, 282, 273, 311, 294
287, 288, 323, 308, 320, 281, 306, 319, 307, 300, 309, 308, 298, 304, 298, 273, 293, 316, 283, 304, 328, 301, 316, 268, 324, 306, 301, 294, 344, 295, 297, 345, 299, 317, 314, 275, 300, 294, 284, 268, 290, 292, 286, 309, 291, 321, 297, 286, 289, 306, 298, 300, 339, 291, 309, 268, 304, 309, 307, 300, 304, 309, 292, 313, 301, 309, 293, 297, 290, 280, 323, 297, 304, 305, 282, 293, 295, 293, 287, 313, 311, 283, 313, 308, 296, 322, 291, 283, 300, 296, 295, 285, 304, 306, 298, 316, 323, 307, 312, 285, 300, 273, 337, 337, 291, 291, 282, 305, 297, 289, 300, 306, 296, 333, 303, 300, 313, 305, 316, 337, 318, 300, 307, 322, 278, 313, 296, 312, 300, 318, 297, 291, 315, 314, 292, 282, 299, 304, 290, 291, 301, 299, 286, 285, 289, 320, 326, 291, 304, 315, 283, 331, 280, 293, 278, 294, 282, 312, 302, 309, 290, 310, 335, 294, 304, 303, 272, 283, 274, 327, 323, 288, 278, 309, 304, 302, 311, 298, 300, 294, 299, 295, 337, 333, 299, 293, 310, 299, 334, 291, 320, 314, 294, 279, 320, 283, 273, 317, 310, 287, 317, 272, 288, 287, 326, 287, 289, 280, 301, 296, 320, 325, 306, 297, 328, 291, 293, 294, 286, 284, 287, 308, 274, 280, 293, 293, 306, 290, 276, 315, 295, 293, 305, 317, 342, 290, 294, 299, 316, 295, 294, 323, 306, 314, 282, 320, 279, 288, 291, 288, 288, 294, 292, 296, 292, 328, 299, 325, 291, 319, 296, 314, 292, 303, 313, 299, 304, 283, 279, 294, 287, 309, 285, 274, 278, 283, 337, 278, 303, 280, 304, 281, 291, 307, 327, 298, 293, 311, 311, 325, 315, 334, 295, 283, 291, 330, 324, 292, 302, 286, 315, 304, 311, 316, 315, 305, 299, 297, 304, 288, 316, 324, 276, 301, 293, 293, 299, 302, 286, 285, 291, 299, 309, 317, 278, 300, 295, 297, 280, 299, 311, 309, 287, 293, 260, 283, 296, 290, 314, 297, 288, 309, 314, 277, 329, 329, 335, 303, 302, 296, 325, 292, 297, 288, 289, 302, 296, 302, 295, 300, 319, 290, 303, 318, 285, 295, 332, 288, 335, 299, 292, 325, 282, 296, 299, 328, 311, 300, 306, 304, 299, 298, 297, 283, 293, 315, 288, 319, 298, 306, 321, 318, 280, 296, 292, 280, 317, 296, 308, 317
280, 317, 310, 298, 199, 307, 304, 289, 310, 302, 317, 298, 281, 311, 268, 253, 313, 333, 298, 254, 304, 314, 298, 313, 261, 284, 286, 253, 263, 320, 315, 284, 202, 307, 284, 294, 302, 287, 237, 289, 293, 279, 286, 284, 316, 335, 305, 255, 289, 295, 285, 297, 311, 300, 304, 294, 286, 286, 313, 303, 324, 268, 319, 273, 286, 295, 299, 310, 281, 280, 305, 299, 272, 318, 316, 329, 216, 280, 290, 274, 286, 282, 288, 288, 295, 306, 298, 331, 300, 302, 262, 287, 299, 304, 284, 310, 223, 304, 301, 335, 273, 337, 319, 315, 311, 303, 331, 282, 311, 277, 125, 298, 302, 325, 329, 290, 320, 310, 282, 312, 296, 288, 314, 279, 322, 188, 287, 290, 284, 309, 285, 265, 298, 302, 297, 304, 307, 285, 338, 317, 284, 251, 332, 274, 256, 314, 300, 318, 315, 310, 287, 310, 277, 321, 261, 276, 278, 275, 318, 283, 301, 308, 318, 325, 270, 309, 267, 299, 254, 303, 275, 270, 290, 286, 291, 295, 268, 300, 312, 311, 316, 316, 321, 323, 297, 214, 292, 295, 297, 320, 273, 301, 292, 285, 299, 305, 281, 292, 278, 325, 298, 279, 331, 289, 172, 272, 297, 307, 313, 290, 281, 311, 306, 310, 325, 272, 301, 316, 295, 258, 306, 308, 265, 284, 292, 302, 308, 305, 298, 289, 313, 332, 307, 261, 316, 311, 334, 287, 287, 309, 306, 313, 305, 308, 304, 333, 313, 290, 283, 318, 283, 302, 297, 303, 274, 300, 312, 314, 258, 298, 307, 273, 316, 270, 303, 246, 262, 307, 304, 306, 272, 218, 285, 303, 304, 276, 312, 326, 320, 229, 255, 331, 306, 298, 273, 305, 302, 302, 300, 272, 309, 330, 308, 279, 299, 312, 264, 322, 274, 321, 270, 265, 345, 307, 258, 270, 291, 263, 313, 290, 304, 276, 288, 317, 290, 317, 278, 285, 336, 263, 310, 254, 310, 304, 302, 300, 290, 301, 326, 271, 307, 236, 317, 311, 306, 328, 293, 285, 286, 321, 303, 273, 330, 299, 314, 277, 284, 275, 299, 311, 309, 278, 279, 310, 258, 314, 306, 296, 308, 324, 313, 295, 329, 298, 281, 296, 284, 325, 291, 286, 315, 316, 307, 292, 300, 294, 311, 310, 310, 265, 283, 284, 321, 234, 319, 290, 286, 315, 293, 283, 312, 285, 318, 316, 275, 310, 252, 277, 288, 298
128, 175, 82, 103, 77, 84, 87, 70, 286, 72, 109, 99, 57, 44, 52, 110, 149, 172, 95, 88, 88, 60, 111, 64, 53, 71, 54, 182, 232, 101, 91, 82, 66, 113, 75, 98, 86, 62, 88, 229, 78, 101, 69, 98, 108, 255, 120, 78, 65, 59, 85, 61, 62, 94, 70, 69, 104, 93, 65, 102, 54, 67, 95, 132, 70, 94, 66, 86, 78, 87, 92, 68, 99, 63, 96, 123, 94, 90, 279, 74, 108, 82, 107, 75, 92, 230, 78, 82, 72, 97, 86, 65, 56, 83, 84, 268, 250, 53, 276, 108, 85, 92, 75, 117, 73, 282, 77, 115, 73, 88, 150, 244, 66, 116, 91, 150, 83, 91, 255, 77, 115, 71, 162, 251, 89, 90, 267, 82, 98, 77, 75, 104, 245, 70, 267, 190, 83, 76, 95, 100, 87, 78, 144, 257, 68, 88, 131, 88, 86, 68, 115, 72, 87, 76, 89, 128, 136, 68, 88, 47, 270, 76, 66, 90, 83, 99, 72, 126, 98, 67, 90, 70, 118, 79, 91, 81, 82, 101, 97, 85, 65, 65, 85, 265, 88, 81, 106, 75, 158, 61, 106, 91, 262, 91, 284, 82, 125, 93, 86, 114, 89, 124, 83, 75, 96, 139, 116, 80, 89, 146, 275, 86, 109, 106, 68, 67, 111, 67, 79, 63, 91, 93, 83, 168, 86, 149, 88, 166, 73, 68, 113, 126, 254, 67, 78, 85, 72, 51, 149, 102, 73, 114, 107, 280, 85, 72, 89, 91, 77, 62, 55, 79, 85, 70, 71, 70, 62, 85, 165, 87, 74, 256, 78, 109, 155, 84, 81, 106, 66, 73, 254, 270, 59, 80, 267, 90, 251, 116, 145, 71, 255, 66, 56, 67, 187, 104, 123, 131, 85, 96, 84, 73, 78, 76, 70, 89, 69, 95, 102, 58, 104, 65, 68, 78, 244, 101, 67, 203, 262, 79, 56, 62, 83, 74, 74, 264, 108, 84, 304, 121, 76, 118, 186, 78, 79, 248, 66, 103, 197, 134, 68, 120, 68, 87, 72, 129, 130, 76, 88, 63, 66, 237, 93, 145, 76, 93, 77, 92, 87, 77, 110, 72, 87, 267, 48, 71, 77, 93, 154, 65, 85, 97, 87, 72, 69, 79, 76, 111, 50, 61, 293, 90, 71, 84, 103, 105, 282, 109, 53, 95, 96, 265, 88, 72, 80, 275, 87, 57, 91, 102, 86, 100, 74, 69, 77, 80, 143, 73, 48, 61
39, 75, 81, 49, 80, 90, 52, 55, 51, 80, 63, 39, 63, 57, 50, 91, 53, 90, 51, 58, 80, 57, 60, 63, 88, 75, 52, 71, 69, 85, 55, 88, 46, 62, 60, 82, 188, 62, 75, 52, 60, 79, 53, 64, 72, 82, 66, 53, 74, 52, 60, 65, 59, 72, 59, 55, 76, 67, 43, 45, 86, 60, 69, 56, 66, 68, 83, 85, 71, 84, 59, 69, 62, 81, 77, 70, 80, 56, 77, 83, 81, 74, 80, 76, 71, 66, 79, 47, 62, 75, 78, 49, 67, 50, 56, 181, 69, 63, 48, 88, 89, 72, 104, 60, 71, 52, 64, 74, 76, 62, 73, 87, 71, 63, 88, 52, 92, 74, 55, 59, 81, 107, 48, 59, 133, 59, 89, 61, 68, 61, 64, 50, 47, 59, 51, 89, 57, 80, 80, 58, 62, 72, 78, 195, 44, 58, 46, 57, 80, 51, 61, 61, 74, 194, 67, 79, 62, 74, 79, 63, 95, 62, 72, 54, 65, 55, 49, 58, 86, 85, 49, 53, 47, 52, 87, 76, 59, 53, 56, 86, 71, 60, 72, 88, 56, 87, 91, 73, 63, 57, 64, 62, 75, 52, 75, 57, 66, 71, 80, 40, 72, 87, 128, 79, 67, 67, 78, 70, 65, 59, 54, 74, 84, 51, 69, 47, 55, 73, 90, 50, 60, 54, 75, 89, 75, 77, 87, 67, 50, 94, 51, 73, 76, 76, 56, 61, 54, 66, 57, 79, 78, 44, 82, 83, 84, 62, 113, 45, 69, 78, 56, 73, 60, 97, 91, 136, 86, 74, 69, 61, 69, 44, 55, 73, 79, 83, 100, 67, 69, 67, 59, 62, 53, 53, 62, 68, 162, 209, 90, 65, 75, 70, 78, 63, 104, 59, 65, 67, 71, 121, 59, 84, 62, 61, 92, 53, 78, 82, 71, 51, 40, 77, 90, 93, 77, 72, 73, 53, 66, 78, 56, 63, 75, 80, 53, 98, 82, 65, 57, 72, 67, 74, 83, 67, 65, 69, 65, 64, 73, 53, 56, 79, 71, 73, 71, 70, 68, 62, 74, 56, 77, 76, 56, 91, 76, 55, 78, 90, 69, 66, 71, 63, 59, 68, 90, 77, 67, 84, 63, 61, 40, 62, 68, 78, 62, 56, 80, 55, 68, 53, 87, 70, 85, 79, 54, 81, 61, 82, 56, 60, 51, 68, 30, 84, 83, 52, 66, 66, 77, 87, 56, 55, 53, 56, 47, 72, 48, 81, 107, 81
81, 69, 70, 71, 53, 87, 48, 59, 72, 67, 62, 81, 70, 71, 65, 74, 92, 93, 55, 82, 85, 81, 73, 57, 70, 46, 72, 58, 69, 52, 46, 88, 73, 78, 56, 68, 61, 64, 62, 41, 94, 83, 57, 52, 66, 86, 65, 80, 60, 54, 82, 76, 67, 56, 90, 54, 71, 84, 61, 59, 50, 53, 77, 59, 65, 62, 84, 58, 79, 76, 74, 54, 87, 87, 72, 53, 85, 59, 53, 62, 82, 84, 46, 59, 92, 70, 68, 81, 78, 60, 55, 52, 72, 101, 52, 60, 73, 70, 59, 84, 49, 65, 76, 85, 77, 78, 59, 93, 61, 59, 67, 78, 64, 50, 82, 63, 46, 93, 60, 68, 88, 79, 62, 85, 49, 59, 52, 66, 60, 62, 48, 87, 61, 77, 60, 50, 78, 54, 74, 60, 39, 52, 67, 65, 67, 69, 90, 81, 78, 56, 65, 74, 63, 76, 75, 98, 70, 82, 76, 69, 79, 50, 76, 70, 54, 84, 61, 73, 66, 78, 64, 74, 75, 82, 98, 82, 64, 75, 60, 84, 62, 80, 58, 70, 59, 72, 52, 83, 72, 53, 64, 76, 67, 66, 69, 58, 80, 90, 60, 55, 86, 61, 45, 57, 86, 58, 76, 81, 54, 49, 59, 55, 57, 57, 46, 78, 56, 77, 69, 74, 61, 71, 49, 91, 50, 79, 46, 56, 59, 53, 68, 66, 72, 69, 70, 76, 68, 69, 81, 72, 64, 53, 68, 75, 59, 67, 79, 60, 49, 69, 50, 77, 87, 68, 76, 65, 91, 66, 64, 58, 57, 67, 89, 87, 94, 78, 58, 79, 86, 56, 50, 47, 60, 53, 71, 68, 60, 71, 63, 64, 89, 63, 62, 97, 50, 73, 73, 67, 54, 88, 49, 96, 61, 79, 71, 83, 92, 74, 49, 72, 71, 91, 55, 64, 65, 72, 84, 71, 62, 47, 65, 60, 46, 69, 66, 57, 89, 64, 56, 82, 54, 66, 61, 72, 70, 79, 82, 80, 54, 75, 51, 84, 72, 78, 67, 77, 56, 51, 76, 71, 83, 71, 52, 68, 76, 70, 83, 66, 99, 75, 59, 86, 104, 70, 71, 60, 44, 67, 65, 77, 69, 82, 61, 88, 53, 55, 70, 85, 62, 89, 71, 92, 57, 77, 57, 102, 44, 75, 91, 54, 47, 87, 76, 67, 75, 80, 54, 83, 75, 65, 46, 70, 63, 68, 54, 54, 71, 77, 75, 72
94, 88, 65, 54, 85, 80, 76, 52, 65, 49, 98, 89, 73, 89, 82, 62, 56, 81, 81, 65, 91, 105, 62, 58, 60, 87, 84, 99, 77, 86, 92, 65, 72, 89, 68, 76, 89, 75, 54, 72, 63, 82, 56, 64, 67, 107, 64, 85, 65, 78, 61, 57, 56, 63, 73, 87, 92, 75, 86, 61, 76, 57, 66, 76, 77, 65, 69, 75, 63, 74, 57, 77, 56, 85, 64, 56, 63, 76, 70, 73, 85, 81, 82, 77, 50, 99, 75, 84, 59, 60, 61, 68, 87, 91, 81, 93, 74, 54, 78, 95, 77, 78, 47, 77, 79, 81, 48, 71, 93, 56, 100, 61, 85, 92, 91, 77, 75, 87, 72, 82, 68, 66, 75, 76, 83, 65, 76, 73, 61, 72, 80, 50, 89, 70, 68, 76, 105, 53, 46, 87, 54, 93, 77, 65, 78, 62, 95, 58, 65, 85, 48, 87, 66, 89, 90, 74, 63, 60, 83, 56, 70, 71, 69, 53, 57, 86, 82, 54, 49, 87, 41, 64, 55, 55, 85, 70, 54, 75, 68, 83, 74, 78, 84, 94, 48, 81, 50, 64, 55, 64, 84, 72, 75, 61, 93, 79, 88, 109, 81, 73, 61, 71, 73, 77, 89, 72, 64, 92, 69, 70, 106, 87, 81, 83, 51, 62, 59, 71, 47, 55, 78, 50, 76, 55, 84, 80, 88, 70, 88, 71, 65, 77, 58, 94, 65, 86, 88, 82, 72, 81, 68, 74, 75, 52, 70, 71, 70, 80, 66, 76, 56, 90, 69, 69, 52, 36, 92, 67, 74, 92, 64, 56, 76, 88, 81, 73, 72, 82, 107, 102, 72, 49, 78, 74, 77, 64, 77, 69, 63, 82, 59, 86, 73, 62, 58, 83, 76, 82, 93, 74, 58, 81, 68, 50, 84, 79, 71, 73, 56, 62, 63, 67, 85, 78, 87, 67, 73, 62, 74, 66, 81, 73, 61, 67, 89, 74, 94, 80, 65, 77, 62, 81, 79, 75, 70, 94, 75, 79, 92, 75, 66, 65, 101, 78, 57, 65, 59, 54, 69, 50, 68, 76, 49, 58, 72, 107, 82, 67, 101, 94, 72, 58, 50, 42, 81, 66, 70, 103, 80, 80, 78, 76, 70, 50, 88, 66, 49, 88, 70, 61, 79, 65, 54, 85, 84, 87, 75, 57, 63, 58, 66, 55, 79, 58, 60, 66, 63, 54, 65, 78, 58, 73, 119, 61, 87, 89, 57, 71, 78, 62
93, 64, 88, 84, 83, 67, 82, 86, 103, 75, 61, 59, 62, 77, 97, 83, 60, 71, 84, 73, 69, 73, 61, 88, 81, 82, 75, 81, 76, 74, 86, 66, 81, 103, 91, 67, 78, 68, 56, 63, 101, 64, 97, 74, 71, 103, 77, 74, 62, 109, 66, 62, 75, 96, 71, 79, 84, 103, 66, 65, 72, 61, 53, 70, 65, 103, 69, 84, 63, 63, 77, 78, 75, 59, 94, 81, 68, 85, 78, 91, 80, 84, 110, 82, 63, 59, 83, 61, 67, 65, 78, 111, 69, 52, 66, 69, 86, 71, 72, 87, 79, 67, 56, 82, 98, 71, 88, 78, 70, 72, 77, 75, 87, 78, 56, 94, 89, 92, 112, 62, 58, 92, 81, 91, 72, 86, 69, 64, 74, 80, 80, 85, 71, 80, 65, 76, 79, 58, 79, 56, 53, 76, 64, 109, 76, 74, 91, 68, 68, 73, 50, 73, 84, 75, 97, 78, 90, 72, 75, 94, 73, 72, 46, 88, 73, 76, 75, 75, 54, 64, 55, 66, 77, 88, 90, 71, 56, 86, 105, 85, 66, 77, 71, 76, 93, 64, 58, 78, 68, 94, 78, 74, 84, 100, 105, 90, 72, 72, 83, 77, 69, 84, 78, 67, 81, 66, 69, 103, 79, 92, 72, 97, 94, 74, 72, 115, 88, 62, 83, 71, 58, 72, 72, 90, 87, 86, 68, 81, 70, 96, 83, 90, 75, 76, 96, 67, 70, 101, 83, 107, 97, 79, 77, 82, 66, 97, 83, 79, 91, 87, 71, 87, 85, 89, 93, 71, 87, 62, 86, 81, 89, 93, 69, 74, 73, 89, 68, 69, 89, 86, 59, 99, 104, 96, 88, 92, 97, 83, 79, 57, 78, 84, 76, 82, 73, 62, 75, 73, 81, 88, 67, 86, 76, 81, 76, 80, 73, 73, 96, 79, 78, 87, 56, 65, 59, 78, 78, 85, 80, 76, 96, 72, 81, 107, 88, 101, 62, 58, 72, 88, 87, 82, 55, 67, 63, 95, 54, 86, 72, 88, 86, 92, 57, 92, 78, 72, 86, 91, 59, 82, 95, 108, 90, 81, 97, 74, 55, 63, 87, 70, 58, 89, 91, 72, 85, 71, 88, 85, 90, 80, 66, 100, 77, 69, 80, 77, 59, 92, 81, 120, 60, 69, 82, 85, 64, 65, 76, 92, 86, 80, 69, 80, 73, 85, 95, 84, 78, 91, 74, 86, 66, 73, 89, 61, 108, 81, 73, 74, 64, 83
91, 78, 75, 81, 70, 65, 101, 94, 67, 86, 62, 85, 91, 69, 102, 100, 63, 85, 82, 99, 95, 101, 95, 62, 76, 92, 115, 106, 58, 78, 93, 78, 59, 81, 102, 83, 115, 88, 73, 99, 83, 103, 94, 66, 69, 84, 106, 84, 78, 82, 88, 58, 80, 112, 90, 107, 85, 84, 108, 98, 74, 71, 73, 68, 98, 88, 72, 100, 72, 73, 77, 92, 79, 88, 89, 98, 87, 105, 75, 88, 71, 104, 108, 83, 65, 88, 73, 58, 80, 86, 77, 78, 106, 78, 78, 100, 65, 88, 62, 81, 95, 78, 90, 85, 73, 92, 89, 94, 75, 93, 91, 98, 87, 68, 83, 102, 76, 73, 125, 78, 65, 86, 79, 90, 95, 106, 60, 89, 96, 69, 62, 64, 83, 89, 71, 87, 86, 71, 109, 89, 87, 80, 69, 84, 92, 95, 91, 71, 78, 79, 86, 84, 76, 103, 88, 66, 98, 105, 95, 77, 74, 92, 97, 86, 90, 91, 77, 78, 118, 70, 91, 107, 83, 56, 67, 80, 57, 92, 66, 89, 79, 78, 101, 71, 102, 85, 98, 107, 81, 70, 70, 77, 98, 73, 81, 86, 88, 73, 88, 106, 95, 77, 98, 98, 92, 82, 82, 93, 93, 113, 100, 79, 70, 69, 82, 57, 93, 95, 91, 100, 112, 113, 86, 104, 101, 60, 84, 66, 67, 105, 105, 97, 72, 63, 67, 69, 86, 77, 61, 68, 97, 98, 96, 103, 91, 88, 69, 87, 79, 81, 98, 74, 103, 82, 83, 77, 68, 116, 69, 89, 96, 99, 71, 99, 84, 87, 81, 101, 81, 63, 92, 79, 71, 83, 75, 100, 71, 90, 66, 95, 71, 86, 93, 105, 97, 121, 87, 100, 76, 106, 93, 114, 89, 104, 91, 83, 66, 80, 81, 90, 73, 93, 95, 65, 85, 94, 95, 81, 94, 86, 70, 67, 96, 95, 89, 100, 89, 71, 114, 83, 77, 103, 85, 84, 65, 79, 83, 76, 94, 71, 82, 64, 68, 80, 84, 84, 71, 132, 79, 90, 75, 106, 81, 114, 107, 79, 77, 88, 81, 90, 83, 105, 90, 75, 73, 92, 91, 95, 61, 74, 67, 97, 67, 102, 88, 76, 72, 76, 88, 77, 93, 81, 83, 74, 79, 73, 83, 65, 78, 91, 81, 100, 92, 80, 105, 108, 75, 72, 100, 79, 88, 98, 77, 81, 126, 82, 84, 73, 87, 92
85, 97, 96, 92, 103, 103, 106, 82, 92, 91, 78, 121, 96, 94, 110, 84, 95, 104, 85, 91, 98, 84, 93, 106, 105, 71, 81, 95, 100, 118, 88, 89, 115, 109, 104, 76, 118, 82, 97, 75, 83, 79, 104, 148, 95, 80, 83, 90, 107, 100, 104, 88, 93, 70, 87, 77, 108, 107, 96, 119, 68, 90, 110, 78, 101, 72, 69, 109, 101, 103, 120, 111, 72, 83, 77, 90, 87, 88, 121, 109, 107, 92, 95, 126, 105, 81, 95, 75, 92, 72, 85, 78, 108, 72, 105, 103, 89, 86, 108, 89, 74, 101, 110, 102, 88, 84, 86, 114, 108, 100, 75, 77, 120, 92, 111, 70, 97, 88, 81, 109, 80, 116, 102, 102, 128, 83, 88, 108, 110, 95, 94, 96, 80, 75, 81, 104, 90, 76, 83, 90, 78, 107, 124, 102, 69, 92, 127, 111, 106, 85, 83, 88, 105, 105, 100, 80, 82, 78, 65, 159, 89, 96, 110, 99, 114, 105, 93, 73, 77, 94, 103, 75, 112, 85, 81, 58, 114, 69, 69, 79, 109, 109, 104, 113, 69, 71, 117, 101, 93, 67, 77, 102, 97, 98, 98, 77, 106, 88, 99, 82, 83, 91, 75, 76, 106, 114, 96, 111, 99, 85, 83, 91, 82, 99, 91, 111, 79, 99, 75, 88, 106, 104, 97, 62, 83, 94, 81, 78, 90, 90, 102, 90, 61, 92, 100, 101, 107, 79, 72, 110, 109, 80, 96, 99, 63, 87, 93, 79, 65, 111, 72, 86, 101, 80, 100, 84, 103, 85, 119, 78, 91, 86, 93, 90, 102, 88, 96, 101, 89, 74, 76, 109, 85, 80, 74, 94, 100, 99, 90, 108, 101, 85, 101, 94, 120, 115, 84, 96, 93, 122, 101, 62, 88, 88, 88, 89, 71, 115, 78, 74, 78, 74, 91, 81, 85, 89, 96, 80, 106, 92, 135, 104, 99, 94, 68, 78, 112, 102, 84, 86, 92, 110, 76, 103, 87, 75, 84, 103, 87, 88, 98, 84, 99, 79, 99, 91, 97, 63, 81, 97, 66, 95, 83, 81, 90, 82, 101, 87, 106, 85, 72, 88, 69, 88, 98, 79, 103, 97, 101, 77, 88, 98, 118, 111, 65, 92, 90, 94, 84, 83, 96, 119, 80, 67, 111, 77, 120, 96, 86, 112, 87, 78, 124, 60, 116, 84, 94, 96, 116, 93, 81, 91, 93, 86, 126, 114, 111, 77, 81, 107
70, 116, 102, 119, 96, 119, 125, 90, 98, 90, 113, 95, 74, 101, 142, 96, 97, 92, 118, 102, 120, 91, 103, 94, 76, 73, 135, 121, 96, 115, 96, 97, 101, 79, 134, 102, 93, 92, 85, 96, 111, 99, 107, 134, 103, 109, 125, 99, 109, 100, 91, 61, 98, 77, 101, 103, 102, 117, 103, 96, 104, 80, 104, 82, 85, 97, 88, 103, 69, 65, 72, 114, 89, 121, 106, 113, 101, 87, 92, 93, 69, 119, 94, 125, 119, 103, 112, 96, 92, 111, 114, 79, 124, 112, 103, 101, 83, 108, 100, 99, 101, 102, 82, 125, 121, 77, 99, 85, 107, 123, 75, 98, 117, 132, 90, 80, 102, 104, 85, 97, 93, 86, 94, 112, 89, 89, 92, 125, 101, 98, 110, 92, 138, 112, 97, 70, 83, 97, 121, 97, 111, 88, 101, 76, 102, 86, 101, 107, 94, 131, 121, 100, 123, 98, 111, 112, 83, 125, 92, 108, 101, 101, 106, 99, 96, 81, 102, 84, 88, 100, 103, 108, 94, 97, 115, 108, 107, 90, 99, 101, 99, 110, 101, 91, 108, 94, 126, 139, 84, 103, 83, 92, 101, 94, 91, 66, 69, 91, 125, 115, 111, 109, 115, 83, 96, 128, 100, 111, 90, 96, 137, 70, 123, 98, 112, 102, 95, 95, 92, 112, 88, 67, 91, 94, 90, 116, 74, 91, 87, 111, 104, 103, 111, 68, 103, 98, 116, 101, 101, 96, 77, 88, 99, 134, 100, 106, 118, 94, 84, 79, 120, 126, 94, 118, 82, 103, 89, 117, 112, 87, 112, 122, 111, 87, 106, 101, 80, 96, 112, 63, 99, 73, 104, 91, 100, 71, 95, 95, 109, 97, 90, 68, 122, 99, 78, 128, 93, 122, 92, 96, 85, 98, 139, 131, 90, 120, 101, 89, 115, 101, 120, 114, 97, 95, 132, 102, 74, 94, 92, 102, 83, 121, 87, 83, 124, 129, 108, 122, 101, 114, 94, 91, 115, 105, 93, 98, 94, 105, 81, 97, 83, 90, 102, 93, 103, 120, 82, 107, 94, 146, 125, 82, 102, 113, 132, 95, 77, 106, 116, 132, 100, 133, 93, 117, 93, 111, 134, 104, 121, 91, 90, 74, 102, 89, 113, 85, 170, 82, 85, 132, 120, 94, 94, 99, 120, 102, 83, 94, 89, 98, 86, 115, 107, 95, 97, 86, 111, 101, 87, 109, 80, 123, 122, 81, 97, 108, 117, 93, 88, 116
131, 96, 137, 105, 122, 88, 134, 100, 115, 77, 131, 120, 114, 109, 122, 108, 114, 128, 115, 217, 100, 156, 122, 148, 109, 96, 132, 99, 142, 100, 115, 143, 162, 102, 99, 134, 111, 103, 117, 116, 125, 130, 119, 123, 132, 104, 113, 185, 160, 97, 119, 114, 82, 82, 133, 136, 147, 87, 111, 159, 104, 120, 112, 117, 103, 113, 107, 112, 120, 123, 151, 114, 134, 120, 132, 82, 95, 113, 111, 125, 138, 142, 93, 153, 97, 99, 115, 138, 124, 104, 151, 110, 115, 116, 99, 111, 118, 92, 100, 126, 124, 110, 85, 105, 146, 124, 111, 118, 88, 137, 106, 81, 97, 98, 119, 144, 105, 97, 137, 127, 139, 120, 135, 103, 181, 146, 106, 138, 130, 96, 108, 132, 127, 131, 118, 142, 129, 100, 158, 112, 131, 105, 150, 119, 101, 95, 95, 96, 80, 124, 95, 140, 93, 114, 101, 100, 88, 106, 128, 127, 109, 102, 112, 112, 110, 88, 111, 118, 109, 124, 121, 140, 105, 124, 98, 100, 116, 120, 100, 227, 104, 134, 115, 113, 154, 105, 105, 80, 132, 140, 126, 104, 95, 147, 96, 136, 141, 139, 91, 94, 91, 149, 166, 140, 116, 125, 120, 103, 98, 114, 124, 121, 103, 226, 91, 85, 126, 135, 112, 139, 127, 113, 90, 128, 107, 75, 113, 110, 114, 143, 97, 147, 109, 108, 101, 149, 109, 132, 95, 122, 100, 98, 139, 135, 125, 89, 87, 136, 138, 87, 96, 124, 159, 117, 125, 121, 119, 124, 122, 120, 126, 122, 120, 102, 134, 127, 85, 115, 128, 110, 117, 95, 126, 103, 166, 88, 124, 112, 109, 91, 127, 171, 115, 148, 141, 161, 119, 123, 191, 76, 143, 89, 112, 90, 136, 138, 103, 122, 124, 86, 139, 129, 124, 114, 111, 130, 143, 123, 143, 153, 145, 99, 105, 120, 112, 107, 139, 122, 155, 89, 109, 113, 102, 89, 97, 99, 134, 108, 126, 128, 114, 137, 94, 139, 113, 106, 131, 93, 99, 120, 124, 107, 86, 109, 140, 156, 111, 91, 107, 111, 108, 102, 111, 107, 112, 92, 109, 135, 126, 102, 122, 92, 173, 110, 116, 135, 114, 149, 148, 112, 86, 91, 119, 75, 126, 134, 83, 127, 109, 115, 105, 102, 136, 102, 144, 114, 103, 119, 119, 126, 104, 144, 149, 113, 85, 89, 120, 125, 111, 118
106, 103, 128, 128, 113, 164, 137, 137, 132, 126, 157, 165, 219, 120, 118, 115, 124, 124, 149, 141, 146, 118, 122, 123, 110, 110, 119, 124, 139, 129, 115, 111, 154, 213, 105, 158, 154, 143, 135, 156, 136, 128, 169, 131, 109, 116, 111, 152, 123, 206, 145, 121, 149, 134, 118, 140, 111, 142, 143, 124, 159, 140, 147, 146, 128, 102, 116, 147, 129, 136, 132, 153, 160, 98, 150, 160, 113, 154, 108, 136, 161, 122, 138, 156, 143, 129, 136, 128, 102, 137, 149, 146, 105, 121, 164, 111, 125, 91, 137, 128, 126, 108, 146, 131, 134, 137, 116, 138, 121, 106, 141, 119, 127, 153, 126, 117, 109, 122, 144, 112, 123, 138, 101, 118, 149, 124, 115, 114, 118, 122, 167, 121, 112, 122, 102, 155, 114, 88, 156, 130, 117, 109, 132, 97, 162, 171, 138, 131, 115, 99, 121, 119, 123, 123, 167, 157, 122, 137, 177, 138, 132, 131, 102, 116, 170, 151, 116, 145, 114, 143, 141, 137, 139, 155, 145, 116, 120, 135, 166, 116, 137, 129, 143, 147, 154, 133, 130, 152, 158, 125, 127, 118, 118, 111, 168, 137, 140, 152, 143, 117, 143, 138, 195, 126, 98, 121, 136, 158, 152, 143, 115, 150, 156, 117, 151, 118, 126, 106, 121, 142, 117, 97, 158, 175, 126, 141, 132, 137, 145, 151, 165, 152, 138, 127, 95, 107, 135, 112, 123, 136, 135, 120, 143, 109, 104, 135, 138, 120, 113, 148, 126, 164, 125, 164, 117, 118, 135, 159, 141, 128, 151, 145, 137, 100, 129, 137, 96, 132, 115, 131, 102, 134, 150, 99, 109, 123, 123, 125, 133, 101, 152, 98, 107, 136, 141, 107, 146, 114, 127, 135, 136, 100, 134, 143, 120, 125, 135, 130, 143, 124, 125, 110, 172, 128, 130, 185, 130, 140, 135, 141, 101, 140, 130, 116, 129, 126, 131, 101, 127, 125, 118, 130, 168, 148, 129, 129, 127, 143, 117, 104, 141, 139, 116, 123, 144, 113, 129, 119, 134, 141, 145, 100, 145, 126, 110, 142, 237, 174, 148, 128, 110, 138, 143, 196, 130, 140, 101, 149, 142, 140, 125, 121, 147, 146, 124, 129, 149, 114, 107, 121, 132, 143, 130, 144, 111, 93, 150, 133, 120, 140, 128, 124, 91, 108, 110, 91, 222, 117, 108, 97, 146, 139, 124, 131, 150, 100, 118, 120, 114, 127
192, 196, 174, 139, 137, 213, 133, 136, 181, 142, 122, 116, 146, 145, 170, 101, 135, 151, 157, 140, 115, 202, 180, 140, 152, 152, 129, 166, 225, 144, 142, 145, 118, 142, 131, 115, 207, 132, 155, 142, 202, 146, 133, 144, 215, 134, 142, 113, 152, 126, 131, 157, 161, 123, 134, 179, 121, 121, 135, 154, 136, 147, 135, 137, 156, 126, 123, 116, 212, 142, 173, 216, 136, 121, 142, 140, 130, 155, 121, 126, 128, 116, 119, 134, 132, 164, 139, 122, 109, 163, 145, 134, 158, 116, 152, 171, 137, 134, 153, 131, 140, 160, 155, 140, 149, 136, 163, 138, 150, 170, 131, 140, 144, 144, 133, 137, 172, 133, 173, 124, 157, 108, 231, 121, 148, 104, 215, 142, 144, 221, 139, 136, 136, 140, 133, 143, 122, 160, 136, 141, 115, 132, 110, 164, 160, 161, 143, 125, 134, 130, 151, 139, 123, 138, 112, 177, 141, 142, 185, 147, 134, 152, 149, 110, 153, 179, 147, 131, 148, 167, 131, 161, 132, 161, 152, 145, 130, 139, 168, 131, 146, 137, 125, 122, 116, 121, 189, 191, 172, 167, 127, 136, 126, 148, 145, 204, 122, 150, 130, 161, 165, 164, 136, 187, 137, 137, 142, 161, 130, 168, 168, 128, 154, 151, 129, 120, 128, 115, 199, 140, 142, 119, 138, 132, 140, 175, 161, 152, 124, 188, 231, 157, 153, 114, 138, 126, 129, 139, 170, 150, 210, 117, 144, 142, 153, 143, 148, 149, 197, 154, 157, 149, 136, 172, 168, 156, 209, 129, 129, 150, 183, 142, 156, 201, 137, 224, 136, 154, 152, 129, 159, 123, 140, 145, 95, 121, 169, 202, 161, 134, 222, 170, 108, 117, 95, 141, 117, 138, 176, 129, 154, 128, 140, 135, 136, 138, 135, 142, 195, 144, 128, 148, 212, 195, 132, 194, 204, 128, 111, 118, 128, 143, 142, 112, 163, 172, 156, 127, 129, 130, 153, 158, 128, 145, 148, 208, 131, 127, 123, 101, 129, 146, 219, 123, 213, 146, 113, 153, 214, 201, 133, 110, 130, 148, 140, 110, 123, 160, 138, 142, 156, 140, 106, 154, 129, 124, 154, 136, 132, 181, 134, 147, 143, 216, 159, 136, 134, 153, 152, 138, 199, 161, 152, 140, 116, 152, 136, 142, 127, 146, 128, 176, 141, 138, 121, 126, 156, 201, 122, 111, 138, 173, 177, 146, 157, 137, 152, 201, 143, 224
139, 179, 154, 189, 170, 160, 122, 151, 217, 159, 176, 173, 197, 142, 131, 159, 130, 182, 205, 177, 145, 160, 138, 174, 186, 207, 210, 142, 199, 145, 167, 184, 156, 154, 148, 123, 147, 156, 154, 154, 145, 150, 135, 185, 172, 224, 141, 136, 198, 172, 131, 141, 149, 126, 178, 190, 154, 174, 164, 175, 163, 187, 151, 193, 123, 158, 198, 227, 149, 221, 161, 159, 145, 157, 135, 200, 150, 134, 125, 133, 186, 214, 186, 197, 195, 122, 132, 153, 213, 141, 140, 212, 211, 141, 140, 134, 217, 218, 190, 230, 142, 170, 232, 154, 151, 136, 133, 137, 133, 148, 192, 185, 175, 200, 145, 177, 234, 196, 155, 139, 165, 150, 160, 207, 125, 144, 140, 151, 132, 167, 215, 135, 156, 182, 141, 236, 156, 209, 175, 191, 140, 125, 133, 153, 181, 202, 189, 141, 134, 217, 216, 196, 156, 134, 148, 139, 126, 189, 155, 199, 134, 190, 143, 170, 202, 157, 218, 227, 227, 231, 229, 142, 207, 127, 201, 170, 202, 143, 160, 211, 204, 193, 214, 219, 194, 146, 135, 200, 137, 132, 157, 163, 142, 239, 150, 148, 174, 157, 131, 172, 166, 136, 137, 188, 162, 170, 136, 146, 159, 120, 151, 149, 143, 210, 222, 128, 162, 146, 139, 181, 184, 160, 204, 190, 218, 177, 129, 126, 212, 149, 180, 211, 139, 151, 135, 160, 155, 170, 160, 173, 136, 148, 144, 165, 145, 147, 219, 141, 180, 116, 177, 185, 150, 129, 170, 151, 181, 204, 150, 148, 140, 163, 148, 170, 148, 141, 151, 153, 136, 152, 147, 134, 207, 134, 147, 122, 169, 231, 145, 132, 145, 153, 155, 166, 187, 172, 176, 176, 127, 146, 203, 142, 169, 157, 153, 132, 133, 133, 155, 145, 198, 147, 141, 130, 138, 178, 229, 231, 164, 213, 109, 174, 131, 219, 152, 217, 131, 180, 110, 188, 157, 135, 142, 211, 153, 130, 211, 180, 130, 211, 153, 249, 150, 137, 149, 122, 121, 124, 147, 184, 157, 157, 150, 206, 212, 126, 209, 186, 151, 156, 152, 188, 170, 150, 135, 138, 139, 154, 150, 230, 147, 144, 134, 168, 220, 147, 143, 139, 164, 133, 172, 123, 159, 182, 137, 153, 160, 178, 201, 153, 156, 156, 123, 204, 141, 146, 208, 202, 208, 208, 134, 134, 190, 134, 132, 176, 133, 122, 177, 167
203, 185, 176, 173, 158, 170, 200, 203, 225, 206, 195, 199, 144, 231, 171, 190, 165, 187, 185, 202, 142, 135, 154, 157, 199, 167, 191, 201, 210, 183, 194, 184, 138, 159, 155, 190, 209, 197, 147, 154, 168, 207, 174, 201, 201, 161, 147, 204, 219, 202, 180, 182, 123, 164, 167, 177, 182, 170, 187, 195, 172, 200, 131, 191, 173, 177, 222, 212, 136, 185, 132, 154, 193, 188, 201, 180, 134, 195, 147, 220, 143, 167, 146, 187, 238, 189, 235, 178, 146, 137, 220, 204, 195, 186, 159, 138, 172, 180, 172, 175, 152, 182, 153, 194, 155, 147, 219, 130, 156, 160, 149, 138, 220, 207, 150, 163, 153, 198, 182, 147, 135, 211, 206, 231, 188, 188, 210, 209, 147, 174, 165, 192, 151, 185, 142, 181, 165, 155, 156, 197, 131, 165, 206, 160, 141, 176, 138, 145, 205, 152, 166, 204, 175, 174, 137, 223, 207, 205, 167, 155, 166, 185, 120, 140, 206, 179, 165, 133, 165, 214, 190, 172, 157, 129, 190, 209, 153, 211, 220, 206, 201, 187, 174, 152, 141, 222, 160, 162, 187, 173, 186, 159, 133, 204, 155, 177, 213, 181, 176, 169, 142, 225, 164, 151, 139, 209, 152, 179, 172, 192, 174, 156, 218, 159, 155, 149, 188, 162, 164, 184, 140, 202, 126, 212, 193, 214, 215, 173, 155, 146, 207, 172, 201, 234, 171, 176, 174, 199, 213, 212, 211, 166, 143, 154, 197, 138, 171, 132, 185, 228, 224, 203, 155, 203, 182, 193, 174, 200, 158, 232, 195, 172, 185, 172, 221, 169, 135, 164, 186, 222, 148, 154, 213, 171, 162, 180, 219, 199, 148, 165, 159, 215, 132, 156, 148, 147, 232, 165, 188, 163, 193, 159, 167, 156, 186, 187, 157, 212, 204, 172, 153, 161, 147, 214, 181, 192, 181, 220, 221, 245, 171, 170, 171, 216, 246, 215, 140, 172, 186, 191, 157, 203, 176, 126, 166, 207, 158, 187, 203, 148, 172, 214, 192, 162, 192, 155, 159, 167, 227, 150, 201, 181, 240, 212, 152, 132, 249, 203, 146, 149, 169, 199, 145, 174, 198, 231, 151, 143, 148, 199, 194, 159, 167, 170, 162, 143, 127, 205, 169, 165, 196, 178, 142, 136, 157, 144, 217, 155, 165, 157, 163, 195, 188, 147, 163, 163, 210, 137, 210, 200, 165, 179, 188, 195, 201, 129, 176, 180, 231, 203
200, 180, 175, 190, 198, 172, 152, 175, 169, 215, 175, 181, 172, 193, 231, 166, 197, 159, 180, 205, 160, 215, 220, 145, 160, 197, 185, 203, 233, 208, 208, 148, 208, 228, 181, 171, 176, 178, 209, 177, 158, 249, 172, 142, 197, 157, 202, 198, 195, 150, 201, 171, 169, 185, 155, 197, 203, 146, 209, 217, 195, 158, 162, 198, 184, 159, 189, 201, 223, 208, 175, 198, 207, 160, 175, 202, 190, 213, 212, 203, 184, 164, 215, 202, 213, 188, 166, 218, 175, 213, 162, 206, 205, 171, 193, 161, 180, 162, 159, 226, 199, 202, 156, 164, 207, 168, 158, 197, 191, 230, 218, 188, 183, 186, 160, 206, 197, 150, 194, 233, 144, 191, 161, 182, 183, 198, 178, 190, 117, 160, 173, 188, 183, 204, 188, 207, 203, 195, 175, 190, 194, 184, 184, 211, 169, 211, 175, 163, 165, 161, 180, 173, 174, 206, 244, 171, 205, 147, 229, 208, 194, 192, 163, 190, 186, 203, 146, 175, 185, 181, 200, 185, 170, 161, 157, 224, 237, 199, 215, 213, 156, 188, 174, 201, 170, 172, 209, 210, 176, 223, 162, 217, 196, 171, 233, 160, 148, 208, 214, 200, 164, 156, 177, 203, 150, 181, 169, 170, 167, 145, 222, 155, 212, 150, 185, 152, 201, 183, 193, 188, 164, 221, 178, 158, 194, 168, 201, 215, 144, 189, 157, 213, 220, 175, 185, 165, 186, 200, 153, 202, 183, 220, 175, 152, 163, 222, 140, 191, 180, 169, 214, 207, 166, 166, 184, 159, 167, 175, 218, 210, 151, 180, 181, 197, 167, 184, 199, 192, 208, 156, 178, 209, 216, 212, 205, 160, 195, 166, 222, 210, 215, 156, 185, 208, 234, 174, 218, 186, 154, 172, 171, 140, 150, 229, 150, 175, 185, 192, 169, 178, 213, 149, 223, 194, 194, 173, 185, 210, 210, 185, 161, 181, 213, 146, 179, 198, 160, 225, 172, 195, 173, 185, 142, 167, 132, 151, 179, 176, 193, 173, 157, 200, 203, 179, 148, 203, 166, 162, 186, 165, 227, 194, 143, 197, 141, 132, 186, 188, 227, 158, 175, 191, 175, 169, 173, 183, 153, 184, 183, 160, 184, 182, 180, 221, 192, 179, 213, 191, 153, 177, 153, 190, 209, 212, 217, 187, 200, 206, 183, 211, 214, 197, 173, 190, 195, 182, 189, 192, 178, 206, 190, 207, 148, 198, 172, 153, 223, 199, 187, 154
200, 214, 177, 192, 193, 171, 177, 170, 201, 171, 178, 211, 233, 186, 152, 215, 153, 211, 216, 173, 168, 179, 206, 184, 193, 205, 169, 209, 224, 215, 182, 195, 198, 216, 186, 167, 212, 222, 180, 160, 205, 210, 195, 221, 187, 161, 184, 221, 175, 201, 163, 220, 180, 158, 194, 193, 183, 195, 178, 203, 161, 185, 188, 179, 193, 161, 208, 200, 208, 214, 191, 197, 211, 151, 165, 175, 162, 188, 203, 190, 189, 209, 211, 182, 199, 170, 151, 163, 180, 210, 223, 218, 207, 174, 177, 172, 216, 189, 209, 211, 172, 207, 181, 179, 216, 163, 167, 193, 205, 163, 193, 207, 178, 203, 174, 169, 199, 212, 194, 219, 208, 214, 235, 178, 237, 189, 192, 172, 188, 211, 205, 163, 236, 201, 210, 182, 223, 231, 240, 165, 205, 219, 212, 202, 186, 171, 186, 166, 215, 177, 211, 190, 180, 166, 202, 175, 187, 199, 217, 199, 202, 184, 186, 184, 211, 225, 208, 200, 189, 175, 196, 144, 206, 195, 196, 207, 195, 191, 180, 205, 190, 189, 165, 187, 206, 215, 171, 192, 188, 156, 170, 211, 209, 152, 172, 180, 197, 174, 169, 157, 184, 177, 201, 206, 190, 167, 194, 208, 201, 184, 187, 152, 180, 153, 206, 187, 176, 163, 181, 200, 187, 191, 209, 181, 182, 221, 211, 142, 202, 230, 177, 156, 193, 157, 160, 178, 188, 190, 194, 229, 225, 224, 194, 203, 168, 199, 186, 171, 182, 166, 200, 179, 189, 202, 182, 176, 195, 164, 216, 156, 195, 195, 198, 195, 192, 205, 159, 180, 244, 171, 177, 195, 190, 182, 158, 222, 176, 216, 192, 167, 177, 185, 156, 185, 187, 195, 219, 193, 224, 204, 179, 196, 196, 170, 207, 169, 200, 206, 213, 180, 171, 195, 183, 155, 215, 184, 188, 210, 170, 206, 174, 183, 176, 175, 167, 215, 172, 193, 166, 171, 203, 191, 155, 231, 168, 196, 211, 175, 176, 161, 167, 164, 173, 151, 170, 227, 212, 157, 195, 175, 170, 197, 205, 187, 184, 216, 218, 189, 192, 207, 235, 207, 190, 179, 188, 191, 195, 161, 183, 177, 217, 144, 199, 188, 215, 187, 190, 198, 211, 151, 185, 183, 235, 202, 160, 193, 169, 187, 173, 206, 177, 155, 189, 205, 198, 204, 202, 180, 184, 181, 166, 222, 166, 197, 183, 150, 195, 195, 196, 227
146, 212, 200, 193, 164, 220, 206, 206, 225, 232, 206, 186, 219, 217, 216, 196, 170, 182, 141, 204, 195, 216, 240, 177, 188, 204, 197, 202, 214, 178, 186, 201, 193, 189, 177, 186, 234, 159, 189, 166, 178, 187, 219, 168, 193, 210, 203, 217, 180, 214, 216, 187, 178, 205, 209, 196, 196, 212, 176, 189, 188, 183, 197, 154, 210, 229, 209, 206, 188, 206, 179, 171, 188, 183, 179, 202, 188, 198, 189, 212, 214, 199, 233, 165, 162, 205, 222, 207, 178, 204, 162, 197, 182, 192, 213, 227, 191, 186, 190, 186, 209, 179, 178, 174, 182, 230, 174, 202, 159, 221, 174, 205, 193, 178, 168, 161, 200, 188, 190, 179, 190, 191, 217, 180, 208, 195, 197, 227, 209, 177, 203, 201, 170, 206, 167, 197, 173, 203, 186, 186, 198, 175, 201, 227, 197, 187, 201, 195, 197, 189, 162, 175, 217, 154, 150, 180, 207, 149, 180, 200, 206, 164, 168, 197, 195, 168, 184, 176, 196, 201, 192, 192, 166, 174, 218, 191, 157, 210, 182, 229, 214, 214, 185, 208, 181, 195, 173, 207, 192, 187, 188, 209, 201, 165, 157, 195, 170, 193, 213, 171, 220, 180, 176, 209, 222, 179, 189, 204, 182, 217, 192, 228, 162, 213, 191, 181, 186, 204, 206, 185, 173, 192, 203, 174, 190, 236, 186, 203, 150, 188, 171, 175, 201, 192, 208, 203, 229, 207, 174, 223, 193, 203, 168, 196, 177, 224, 182, 204, 192, 185, 203, 174, 219, 210, 207, 209, 202, 176, 217, 192, 182, 179, 207, 182, 201, 191, 142, 167, 169, 184, 174, 216, 203, 179, 228, 188, 229, 220, 190, 209, 168, 241, 205, 184, 170, 197, 171, 178, 170, 174, 188, 187, 208, 180, 187, 229, 220, 240, 170, 204, 205, 176, 210, 194, 191, 210, 197, 184, 202, 199, 205, 201, 205, 211, 176, 185, 184, 186, 207, 174, 176, 210, 205, 182, 227, 208, 198, 178, 210, 170, 179, 171, 223, 223, 197, 202, 209, 163, 193, 204, 193, 209, 176, 200, 164, 157, 179, 206, 192, 194, 192, 225, 195, 196, 211, 186, 177, 189, 212, 202, 193, 238, 187, 188, 213, 192, 162, 195, 207, 197, 197, 158, 196, 224, 224, 174, 182, 178, 181, 215, 212, 173, 209, 189, 195, 151, 159, 191, 197, 185, 215, 212, 178, 207, 225, 173, 217, 198, 176, 175
